  62     62     62 
  69     69     69 
  75     75     75 
  82     82     82 
  88     88     88 
  95     95     95 
 102    102    102 
 108    108    108 
 115    115    115 
 121    121    121 
 128    128    128 
 135    135    135 
 141    141    141 
 148    148    148 
 155    155    155 
 161    161    161 
 168    168    168 
 174    174    174 
 181    181    181 
 188    188    188 
 194    194    194 
 201    201    201 
 207    207    207 
 214    214    214 
 221    221    221 
 227    227    227 
 234    234    234 
 240    240    240 
 247    247    247 
 254    254    254 
