   3      3      3 
   5      5      5 
   7      7      7 
   8      8      8 
  10     10     10 
  12     12     12 
  13     13     13 
  15     15     15 
  17     17     17 
  18     18     18 
  20     20     20 
  22     22     22 
  23     23     23 
  25     25     25 
  27     27     27 
  29     29     29 
  30     30     30 
  32     32     32 
  34     34     34 
  35     35     35 
  37     37     37 
  39     39     39 
  40     40     40 
  42     42     42 
  44     44     44 
  45     45     45 
  47     47     47 
  49     49     49 
  50     50     50 
  52     52     52 
  54     54     54 
  55     55     55 
  57     57     57 
  59     59     59 
  60     60     60 
  62     62     62 
  64     64     64 
  65     65     65 
  67     67     67 
  69     69     69 
  70     70     70 
  72     72     72 
  74     74     74 
  75     75     75 
  77     77     77 
  79     79     79 
  81     81     81 
  82     82     82 
  84     84     84 
  86     86     86 
  87     87     87 
  89     89     89 
  91     91     91 
  92     92     92 
  94     94     94 
  96     96     96 
  97     97     97 
  99     99     99 
 101    101    101 
 102    102    102 
 104    104    104 
 106    106    106 
 107    107    107 
 109    109    109 
 111    111    111 
 112    112    112 
 114    114    114 
 116    116    116 
 117    117    117 
 119    119    119 
 121    121    121 
 122    122    122 
 124    124    124 
 126    126    126 
 128    128    128 
 129    129    129 
 131    131    131 
 133    133    133 
 134    134    134 
 136    136    136 
 138    138    138 
 139    139    139 
 141    141    141 
 143    143    143 
 144    144    144 
 146    146    146 
 148    148    148 
 149    149    149 
 151    151    151 
 153    153    153 
 154    154    154 
 156    156    156 
 158    158    158 
 159    159    159 
 161    161    161 
 163    163    163 
 164    164    164 
 166    166    166 
 168    168    168 
 169    169    169 
 171    171    171 
 173    173    173 
 174    174    174 
 176    176    176 
 178    178    178 
 180    180    180 
 181    181    181 
 183    183    183 
 185    185    185 
 186    186    186 
 188    188    188 
 190    190    190 
 191    191    191 
 193    193    193 
 195    195    195 
 196    196    196 
 198    198    198 
 200    200    200 
 201    201    201 
 203    203    203 
 205    205    205 
 206    206    206 
 208    208    208 
 210    210    210 
 211    211    211 
 213    213    213 
 215    215    215 
 216    216    216 
 218    218    218 
 220    220    220 
 221    221    221 
 223    223    223 
 225    225    225 
 226    226    226 
 228    228    228 
 230    230    230 
 232    232    232 
 233    233    233 
 235    235    235 
 237    237    237 
 238    238    238 
 240    240    240 
 242    242    242 
 243    243    243 
 245    245    245 
 247    247    247 
 248    248    248 
 250    250    250 
 252    252    252 
 253    253    253 
 255    255    255 
   0    255    255 
   0    242    248 
   0    230    241 
   0    217    234 
   0    204    227 
   0    191    220 
   0    179    213 
   0    166    206 
   0    153    199 
   0    140    192 
   0    128    185 
   0    115    178 
   0    102    171 
   0     89    164 
   0     77    157 
   0     64    150 
   0     51    143 
   0     38    136 
   0     26    129 
   0     13    122 
   0      0    115 
   0      0    115 
   0     21    105 
   0     43     96 
   0     64     86 
   0     85     77 
   0    106     67 
   0    128     58 
   0    149     48 
   0    170     38 
   0    191     29 
   0    213     19 
   0    234     10 
   0    255      0 
  26    255      0 
  51    255      0 
  77    255      0 
 102    255      0 
 128    255      0 
 153    255      0 
 179    255      0 
 204    255      0 
 230    255      0 
 255    255      0 
 255    230      0 
 255    204      0 
 255    179      0 
 255    153      0 
 255    128      0 
 255    102      0 
 255     77      0 
 255     51      0 
 255     26      0 
 255      0      0 
 230      0      0 
 204      0      0 
 179      0      0 
 153      0      0 
 128      0      0 
 102      0      0 
  77      0      0 
  51      0      0 
  26      0      0 
   0      0      0 
  26     26     26 
  51     51     51 
  77     77     77 
 102    102    102 
 128    128    128 
 153    153    153 
 179    179    179 
 204    204    204 
 230    230    230 
 255    127    203 
 242    114    195 
 229    102    188 
 217     89    180 
 204     76    173 
 191     64    165 
 178     51    157 
 165     38    150 
 153     25    142 
 140     13    135 
 127      0    127 
